   76 ENERGY =   -19.6       BOVTRF2                    
    1 G       0    2   72    1
    2 C       1    3   71    2
    3 C       2    4   70    3
    4 G       3    5   69    4
    5 A       4    6   68    5
    6 A       5    7   67    6
    7 A       6    8   66    7
    8 U       7    9   65    8
    9 A       8   10    0    9
   10 G       9   11    0   10
   11 C      10   12    0   11
   12 U      11   13    0   12
   13 C      12   14    0   13
   14 A      13   15    0   14
   15 G      14   16    0   15
   16 U      15   17   64   16
   17 U      16   18   63   17
   18 G      17   19   62   18
   19 G      18   20   61   19
   20 G      19   21   60   20
   21 A      20   22   59   21
   22 G      21   23   56   22
   23 A      22   24   55   23
   24 G      23   25   54   24
   25 C      24   26   53   25
   26 G      25   27    0   26
   27 U      26   28    0   27
   28 U      27   29    0   28
   29 A      28   30    0   29
   30 G      29   31   48   30
   31 A      30   32   47   31
   32 C      31   33   46   32
   33 U      32   34   45   33
   34 G      33   35    0   34
   35 A      34   36    0   35
   36 A      35   37    0   36
   37 G      36   38    0   37
   38 A      37   39    0   38
   39 U      38   40    0   39
   40 C      39   41    0   40
   41 U      40   42    0   41
   42 A      41   43    0   42
   43 A      42   44    0   43
   44 A      43   45    0   44
   45 G      44   46   33   45
   46 G      45   47   32   46
   47 U      46   48   31   47
   48 C      47   49   30   48
   49 C      48   50    0   49
   50 C      49   51    0   50
   51 U      50   52    0   51
   52 G      51   53    0   52
   53 G      52   54   25   53
   54 U      53   55   24   54
   55 U      54   56   23   55
   56 C      55   57   22   56
   57 G      56   58    0   57
   58 A      57   59    0   58
   59 U      58   60   21   59
   60 C      59   61   20   60
   61 C      60   62   19   61
   62 C      61   63   18   62
   63 G      62   64   17   63
   64 G      63   65   16   64
   65 G      64   66    8   65
   66 U      65   67    7   66
   67 U      66   68    6   67
   68 U      67   69    5   68
   69 C      68   70    4   69
   70 G      69   71    3   70
   71 G      70   72    2   71
   72 C      71   73    1   72
   73 A      72   74    0   73
   74 C      73   75    0   74
   75 C      74   76    0   75
   76 A      75    0    0   76
